Generation,Average Fitness,Stddev Fitness,Average Threshold,Stdev Threhold
0,5.745517681456908,0.4650391824815832,4.851520046872024,0.6189864633813594
1,5.920960781484539,0.4636973189513978,5.267260317447135,0.5167772741786107
2,6.387441745352683,0.41997559647244603,5.651493399193213,0.3126789755534974
3,6.19437747705742,1.4442001840831404,5.9020211635620345,0.14728553685482954
4,6.473651593146476,0.2713999357569842,5.918141328962827,0.07143144002151916
5,6.386222590992257,0.23659560055145432,5.947154929825984,0.029574493721599725
6,6.423372481266226,0.2869321292788783,5.947166596320573,0.029572321318723567
7,6.574966346641875,0.26086690690029335,5.944149208054954,0.03003822724258899
8,6.158296437549124,1.4396727276693484,5.9532167151173025,0.027678824294850832
9,6.43899421770943,0.19550604533156676,5.956240573856618,0.026155359642279198
10,6.520633450622782,0.27724457454617774,5.947170277751764,0.029588487219514226
11,5.870711371699291,1.9727932229242988,5.947163476206255,0.02958541270668581
12,6.493538646155843,0.2784764222479606,5.941129198612052,0.030207318172892714
13,6.4021624642030535,0.22507177895473376,5.950212086853393,0.028839372756089925
14,6.618496999356507,0.4707935671355647,5.962292652608484,0.02159759310110946
15,6.204372396701281,1.4603202545189915,5.965319895432762,0.018145553710628117
16,6.396865684064448,0.19760256256045086,5.968343218944028,0.013180650383920167
17,6.186565634634628,1.4440114121399559,5.971351916989688,4.401116815902724e-05
18,6.520870146177591,0.25240524881987814,5.971344151796523,4.409496502113349e-05
19,6.478327618453248,0.2001967695998418,5.971343161016679,3.6685760660355164e-05
20,6.48047171250452,0.23170059110785046,5.971334760974113,2.561126552304255e-05
21,6.602024344222793,0.410214711743418,5.971325252654358,1.1884482233065122e-05
22,6.397441009219483,0.19902401005396203,5.971319177800295,1.4259643708102936e-05
23,6.47428742160008,0.21630044764913944,5.9713205189210665,1.846097761431105e-05
24,6.371527469742781,0.2353097831640602,5.971316007323272,2.2460584106497516e-05
25,5.857822582298072,1.9634854206791306,5.971321509341196,2.4318640480566437e-05
26,6.216177149441408,1.4545911024063247,5.971317984964976,2.2519494107682635e-05
27,6.222318999496148,1.4757655061586206,5.971309124529299,2.2899318753030358e-05
28,6.540736058694146,0.25504181682477384,5.971303516896251,2.5007136125278787e-05
29,6.102091191123852,1.4085409779466507,5.971295194705054,1.9196817285134162e-05
30,6.165096444950313,1.4322814455725472,5.971287480961915,1.2836666251936864e-05
31,6.443925450971383,0.27320148487422,5.97128914789659,1.2644561174863919e-05
32,6.488266873955806,0.26476797889606923,5.971284844295182,7.867092414415514e-06
33,6.19119268237449,1.434855729073803,5.971284950392594,8.749775406149685e-06
34,6.522812157055888,0.24629266683031767,5.971280546054947,1.1282702316756609e-05
35,6.519355711681291,0.3867559332071375,5.971286716638944,1.861603148160759e-05
36,6.114267445468812,1.4284074404580211,5.971284417529042,1.4695905131493713e-05
37,6.43717439036611,0.1984056921659138,5.9712814696378,1.604825084801324e-05
38,6.204444183381926,1.4382776692534551,5.971272826142741,1.9027637164894813e-05
39,6.143283189476966,1.4497652356396642,5.9712680934877085,1.2849939848502934e-05
40,6.542280204291084,0.2148368093504857,5.971270548671374,1.5217105838374589e-05
41,6.4764971330718994,0.22786649745898296,5.971271618046661,1.4277259336654953e-05
42,6.159708675434471,1.4290601053043026,5.971276814353969,1.983261921368565e-05
43,6.274054685325483,1.4839309502551217,5.971270092622381,1.7507193591275223e-05
44,6.1713303686091425,1.4445843063107404,5.971262489983336,2.2133524868356327e-05
45,6.185068097994271,1.4307925818552225,5.971265458516079,2.506405846740869e-05
46,6.321947519867879,1.4905195094946317,5.971255398118495,2.2907306209101653e-05
47,6.098469804802159,1.4224060119208037,5.971250450822141,2.1678096960571802e-05
48,6.49233286643031,0.20792644628385046,5.971244205158671,1.7536570847660347e-05
49,6.492738233191685,0.3023697083128898,5.971247410955024,1.7414871034107054e-05
50,6.4526728873919055,0.2337896911630811,5.971246540114809,2.3695420935493163e-05
51,6.473801998946598,0.1951154498882158,5.971247593003063,3.142800531459388e-05
52,6.181238783204297,1.437233284030238,5.971232323602659,3.515078075001224e-05
53,6.492538108170427,0.2651700906761056,5.971234090402723,3.5665415827340624e-05
54,6.689966849929351,0.4216349381410206,5.971219157370509,3.393329081473658e-05
55,6.168440204883915,1.4681338012524496,5.9712210836130755,3.0864769012773967e-05
56,6.521146238903907,0.26605275388254784,5.971217756546536,1.8099075505497204e-05
57,6.532327775453451,0.39723415733504763,5.971217384869631,2.5980901169213212e-05
58,6.505122719826984,0.31486059181912923,5.971225287670009,2.581911143873547e-05
59,6.537687730984284,0.2769443795123429,5.971233607486286,3.109591171911614e-05
60,6.500790115280618,0.20157366729214124,5.971227473613533,2.5478858860633372e-05
61,6.4366954502015945,0.2964136344935147,5.971224939933288,2.9905501038228043e-05
62,6.248301741502246,1.4543365665849566,5.971217301945304,3.3861332173030415e-05
63,6.524172748889468,0.2747071620772235,5.971209987872031,3.114953409583909e-05
64,6.203055647902831,1.436763054706843,5.971214791394295,2.9164340312161837e-05
65,6.4991560132292205,0.26070899767093053,5.971215053800985,2.976558812233724e-05
66,5.813250707323496,1.9561309894323895,5.971230114667035,2.9031721953909253e-05
67,6.508210394733865,0.29800417971115734,5.971230973425824,3.4197733113383224e-05
68,6.463585152211715,0.26274140720788536,5.971248881118049,3.0592724140455635e-05
69,6.510589393557446,0.31971090866513313,5.971240446893104,3.66955951363274e-05
70,6.152684123919002,1.4374574162188931,5.971228308085708,3.318111920936904e-05
71,6.656404300730744,0.42750462654862326,5.971226258885706,3.0402343904500114e-05
72,6.530496296801159,0.32381701039889227,5.971227255064075,3.078402096914823e-05
73,6.088901232691255,1.418505772761007,5.9712264063073235,2.9752657121798794e-05
74,6.478276059035899,0.3129509625943132,5.971240515832048,2.2021993320305913e-05
75,6.511420651164931,0.22116198054896885,5.971244654108194,2.38735301080972e-05
76,6.535775353720413,0.261426635878589,5.971242012689411,2.8187668512289528e-05
77,6.477593491463726,0.21669947454991204,5.971236594801811,2.0343614467068134e-05
78,6.461274231319233,0.25910106325273036,5.971227389312222,1.750146360585408e-05
79,6.520551357277695,0.2005916030604161,5.971228768079306,2.1732138813172682e-05
80,6.259251303360927,1.4853773326607196,5.9712228526453845,2.80592613116305e-05
81,6.1394654952146475,1.4351631404306748,5.971235865432864,2.12620248418388e-05
82,6.5544496141952155,0.29184901057922513,5.971236473888305,2.306081234997123e-05
83,6.408237536925488,0.22095482096777,5.971238296959134,2.627268037784958e-05
84,6.500331751226204,0.19278731761505274,5.9712447116811616,2.7019879993186142e-05
85,6.166190769627135,1.4266805462363117,5.9712462732389895,2.9043999483498514e-05
86,6.546027207880701,0.22162614013570167,5.971250261369285,2.637804952715084e-05
87,6.102066293892474,1.4202668702174577,5.971237730042423,2.0862948549441915e-05
88,6.374215640803315,0.14454598349516312,5.971246541196386,1.9983384610447882e-05
89,6.435824485668168,0.3265761795539725,5.971239791464039,2.6500041287327168e-05
90,6.529381585306251,0.2943534816442898,5.971229184470304,2.6245235681480215e-05
91,6.544983245342775,0.2696954381291494,5.971222834116366,2.9550372650213933e-05
92,6.129717248256261,1.4198092900842496,5.971238177936218,2.7029730356090522e-05
93,6.424368027340513,0.28165385239769214,5.971238135003192,2.883541112341431e-05
94,6.527285411824046,0.30335330410125994,5.971231805065871,3.3904182825587954e-05
95,6.099249257602141,1.415877438517664,5.971216815450324,3.67464773203223e-05
96,6.515004316125394,0.2154389937719284,5.971204590213432,3.099191544220063e-05
97,6.409968884616445,0.22530104346498447,5.971189585508026,1.9437750592980606e-05
98,6.275866821109207,1.4615385398535874,5.971191719469877,3.252868205817877e-05
99,6.212723243113617,1.4470613282992468,5.971180125706162,3.203878114110156e-05
100,6.5107636852962045,0.2987516807948109,5.971168946849072,2.5450793419653557e-05
101,5.949352999528061,2.002667941839059,5.9711678035469795,1.720459951456775e-05
102,6.210102318687783,1.4488673132566594,5.971178621205379,1.4584241862865823e-05
103,6.203444926065465,1.4686224656777256,5.9711795341201634,1.1884845461247177e-05
104,6.689035521811336,0.34189141204603096,5.971178129345276,1.2247632073248987e-05
105,6.437995511731266,0.2635746891253402,5.971187921630656,1.4440179685273995e-05
106,6.1163346993204115,1.4135732971105666,5.971187319029626,1.7382069134015987e-05
107,6.114224042070983,1.417649770443777,5.9711931954261805,1.5057436664458242e-05
108,6.2322616433484015,1.4821371630616376,5.971205344399547,1.5862908073823284e-05
109,6.467373067498843,0.22742137189254827,5.971213288289644,1.465073580720812e-05
110,6.413823245227009,0.22454722490100493,5.971207531288679,1.4802633178833668e-05
111,5.807631414288491,1.9519650434745803,5.971215143966014,2.195149661629656e-05
112,6.534597402190151,0.2112398815312534,5.971222651364815,2.1001501607211413e-05
113,6.540085080442201,0.25652513883676176,5.971211813576173,1.9858017527840994e-05
114,6.452472212786421,0.24148689083337083,5.9712167799926945,2.5381999563823787e-05
115,6.589715395713827,0.4217612148995774,5.971221788431931,2.2095612552503507e-05
116,6.14177123091242,1.4226411074945202,5.9712126851928335,2.1295127051419565e-05
117,5.5293810319620835,2.3415389835304476,5.971212726223936,2.1195502939942242e-05
118,6.1262314769850965,1.424377269181066,5.97121282858364,2.4049013530813588e-05
119,6.200219134140452,1.44395208890059,5.971207692411362,2.521899086296416e-05
120,6.156909893713347,1.4347579385872886,5.971205092253895,2.896647402235816e-05
121,6.2005269617375225,1.4362443920294437,5.97121819503442,2.7775924261443596e-05
122,6.591621985626359,0.299611964438569,5.971222278592556,3.574381148930941e-05
123,6.24111509068131,1.4728296920583341,5.971225264863898,3.86991873358121e-05
124,6.215193629480226,1.4846145307360323,5.971214097454984,3.987250913072331e-05
125,6.4606968653756285,0.24993982977163867,5.971198542708792,3.611452131621844e-05
126,6.584338170426429,0.30521538057379044,5.971192354335043,2.6364318204369514e-05
127,6.556330737919718,0.25453523530614053,5.971195120268883,2.455748275407247e-05
128,6.224046558889092,1.4534793585267738,5.971205344622421,2.8151797992228268e-05
129,6.224486571578329,1.4650713298578413,5.971217388283843,3.0714807179470254e-05
130,6.1269374815124635,1.4175410864128661,5.9712168158055094,3.086021477784076e-05
131,6.512168105078456,0.25419963506658827,5.971210868086688,2.4634066735927767e-05
132,6.119254757168075,1.4242913983912537,5.971215385297812,2.3182000485683436e-05
133,6.063908645710866,1.4078364043842477,5.971233658143635,1.8156060478246563e-05
134,6.419024234298673,1.5837894303794808,5.971234073848546,1.8116639133803872e-05
135,6.473323068616409,0.17778443052474294,5.971238331423484,2.481140948871475e-05
136,6.459274260301022,0.1717216077272436,5.971238436046856,2.1753034754287755e-05
137,6.474694908108712,0.32828344616226207,5.971237700367645,2.1089844153541408e-05
138,6.405495329701687,0.2198583309579422,5.9712388117399575,2.2367351490766547e-05
139,6.206508421007351,1.4412197881061894,5.9712397959667145,3.300369468545413e-05
140,6.456105525562665,0.29149497979930244,5.971233752750985,2.8252665678002463e-05
141,6.173812833328563,1.4346027491033424,5.971223848299375,2.8421221599946832e-05
142,6.607008025210637,0.3019135668064382,5.971235027927703,3.1949344069738285e-05
143,6.224028168730876,1.445834490490914,5.971244694099265,2.5711724144006953e-05
144,6.484052745650158,0.2281423200905758,5.9712490267243,2.271360633292559e-05
145,6.141820944568325,1.4328746017627119,5.971252361528586,2.5516934087988027e-05
146,6.524871946203236,0.2036903428363057,5.971253790041557,2.3307360187448944e-05
147,6.512208267080434,0.22274304201961725,5.971247486110901,3.4561446656383175e-05
148,6.511774784848273,0.1927155947004876,5.971261425581146,3.083742648329898e-05
149,6.118691203673636,1.4259653100547645,5.9712522738086715,4.426835548661279e-05
150,5.751170299806061,1.940313263056189,5.971252948695594,5.336515673639786e-05
151,6.4547417182716185,0.21188424190988236,5.971259466987211,5.630793228894054e-05
152,6.227401745384095,1.4395721798644672,5.971233926039661,4.210833549111643e-05
153,6.148732049437342,1.433015890604169,5.971221086099243,4.312813160807775e-05
154,6.575170620729102,0.34434571648972295,5.9712217944966,3.345511725541868e-05
155,6.583749816334967,0.28829672392847766,5.971209897520987,2.5350326215824833e-05
156,6.403576455566849,0.2388416444864245,5.971211858509065,2.4239042752311138e-05
157,6.539404867253427,0.20741766342477602,5.97120660821966,1.877790638781231e-05
158,6.547848186723724,0.3561042735001383,5.971216430481646,2.2843457152951173e-05
159,5.846871043474512,1.9749698836833536,5.971212802792212,1.915795137762866e-05
160,6.0988013151853195,1.4170015813819343,5.971201812282263,1.2186476317786443e-05
161,6.478771038306739,0.21924650517094615,5.971205996591029,1.738879196089741e-05
162,6.513112361870556,0.2679669513269558,5.971198124291132,1.4944395510853607e-05
163,6.189213894233939,1.4464068031485418,5.971191447104816,1.654959457939028e-05
164,6.1841767430786385,1.4402761407866262,5.97118807717368,1.4072462140544772e-05
165,6.514120538794209,0.25597984445235816,5.971197624593416,1.477423390197689e-05
166,6.540112962954943,0.2704609689561909,5.971192004752199,1.288303576750832e-05
167,6.440053933258374,0.2901858148023117,5.971188202784275,1.9054087325858605e-05
168,6.129987864510284,1.4367136876964046,5.971192922303592,2.032407203903359e-05
169,6.564902741016664,0.30782593999952784,5.971191182784419,1.598140886986982e-05
170,5.813981107573892,1.956293519857232,5.971200480106483,1.6839150828389863e-05
171,6.504344880325959,0.3994900282020021,5.971189667744389,1.3827387182137612e-05
172,6.545030747349253,0.22189932699595893,5.971191501331229,1.928766746626694e-05
173,6.134865869732051,1.4352547911098195,5.971186998331772,2.6321897313029572e-05
174,6.506620157780333,0.2832443953676782,5.9711802804111755,2.0197085159637978e-05
175,5.962222933488687,2.0029925087528246,5.971184504194929,2.3537154525126268e-05
176,6.455132345183519,0.29553517530296747,5.971189047239311,2.675045642468077e-05
177,6.344245429654014,0.17137492770055546,5.971190763601373,2.5843209344798485e-05
178,6.629974326546974,0.3295412898103627,5.971182204537808,2.2322553221466566e-05
179,6.634678140837238,0.40528409542052607,5.971184932130279,2.1549549610351967e-05
180,6.16941597229374,1.428753999298989,5.971179577529819,2.325295709949172e-05
181,6.49521643275722,0.24341884356410332,5.97117969470148,2.1888544817762375e-05
182,6.16432998099719,1.4334017854451997,5.971179710201551,2.1174251306156844e-05
183,6.222556642078052,1.4501752420447862,5.971168075595839,1.8830386390015362e-05
184,5.820584562709737,1.9478208466249287,5.971167878161349,2.0615916988930916e-05
185,6.465533128258296,0.18768905252889032,5.9711714569510885,1.930929513939649e-05
186,6.502607202677714,0.305024627501267,5.971164675323593,1.793457100510055e-05
187,6.206050551874222,1.4398474521641578,5.971166879924977,1.957106245964322e-05
188,6.184470763598702,1.4320074066655777,5.9711722913060905,2.3765033062480193e-05
189,6.113579221687328,1.4228693977507443,5.971171794137475,2.6218686250291313e-05
190,6.474001281162403,0.3264600005047687,5.971156943968592,1.576617509696154e-05
191,6.072454902329622,1.4177762149766875,5.971155551420158,1.902860123985531e-05
192,6.068190284459492,1.410829670478978,5.971152287816424,1.833257061744514e-05
193,6.536221495142991,0.25485767584890534,5.971155218683773,2.3707804985781855e-05
194,6.155783644695285,1.437727639656887,5.971154482837031,2.0658967623642725e-05
195,6.545338787128712,0.3181381601620665,5.971150350808687,2.3246558855184454e-05
196,6.496836189446325,0.27937178598065493,5.971137968066634,1.7980531617630282e-05
197,6.665482764229989,0.2707107122646481,5.971132753722436,2.027215367592172e-05
198,6.529633137843085,0.28662505254014625,5.971133478846353,2.0521681897125824e-05
199,6.158126075053183,1.43024279743209,5.971134621761656,1.7942460058472545e-05
200,6.258896933551669,1.4653770112085278,5.971138229493592,2.195165998078412e-05
201,6.239981606648856,1.4650906574738036,5.971141171151979,2.7087164847134197e-05
202,6.4523196070516295,0.1353331710292187,5.971156504396803,1.7689224452307133e-05
203,6.141582891451594,1.4381871126270078,5.9711514827678425,1.9615899494498753e-05
204,6.368632013072614,0.17990210338651405,5.971149445463785,1.9854491001397835e-05
205,6.185916335585093,1.4360350762705287,5.971143290560512,1.9212935242223728e-05
206,6.605457280739861,0.24881719477340988,5.971139478730325,2.013815286611772e-05
207,6.176039174848577,1.4364863247240611,5.971147363030051,2.375701031708833e-05
208,6.4502369512993525,0.2464591127694196,5.971134885867968,3.566759478896534e-05
209,6.5872383668695464,0.45262581096793864,5.971135092748722,3.6015215937331316e-05
210,6.471438445974192,0.15622898539199423,5.971129445684082,3.955009348002535e-05
211,6.557278420381697,0.27147474127982596,5.971107373126573,2.574198565776618e-05
212,6.150808890348909,1.423093476217165,5.971104875427462,2.4488223501008943e-05
213,6.52952797951014,0.31431631335457577,5.971091087669543,1.812898023524206e-05
214,6.522812261755038,0.23958863660726093,5.971095486442669,1.9024182705456927e-05
215,6.204721966213565,1.4359999786165216,5.971098298333587,2.5091874411049272e-05
216,6.205350482436197,1.4359789057611052,5.97107743965543,2.4978022450517784e-05
217,6.521954475603323,0.2673385004559632,5.971077841990466,2.338212487608878e-05
218,6.482138842556185,0.22698916703394406,5.971082000906264,2.703864805134063e-05
219,6.508842576243284,0.27553977579123146,5.971090748083597,2.3276363908846723e-05
220,6.4696565527837695,0.25156482198334024,5.971093836877044,1.566366311764904e-05
221,6.485805753177975,0.25505107003781186,5.971086463143114,1.8814390799148718e-05
222,6.605168472021556,0.1950333451801827,5.971090423577481,1.7721206652780573e-05
223,6.499345469907999,0.36551223234839464,5.971093464474786,1.9383950837380667e-05
224,6.470968971529497,0.33538132852662006,5.971092560388972,2.3876730000994925e-05
225,5.542674578696345,2.336215868694961,5.971098503179363,2.0399891033833165e-05
226,6.462845878694992,0.27662878076789127,5.971096127872725,2.593579015122382e-05
227,6.4964624259561266,0.2644462357864672,5.971090606606137,2.6573406208530477e-05
228,6.202431868390171,1.4381634345145002,5.971091774846234,2.29647715191282e-05
229,6.4907838146985215,0.23593936969807697,5.971094295996459,2.130564655251955e-05
230,6.4430668464586915,0.23626030063820355,5.9710939764929325,2.3751666704653684e-05
231,6.531857445087708,0.3525388675864846,5.97109813960517,1.9359130755399145e-05
232,6.25907913937795,1.4997684905678506,5.971112614095995,2.0093161754732153e-05
233,6.174581766903846,1.4694185263831159,5.971114159805863,1.663790334594062e-05
234,6.461073500169327,0.25401197542387355,5.971109035539923,1.69990051037471e-05
235,6.0254810759031345,1.4003036475003974,5.971103239864941,1.2310187962610134e-05
236,6.487706429755863,0.26037538645269553,5.971101801309519,1.5200590067421037e-05
237,6.543772508728866,0.2662262161188465,5.971097915326462,1.289227656922756e-05
238,6.505790838117851,0.22585007896218168,5.971094022357865,2.0366354163614666e-05
239,6.375814934669049,0.2286264038077673,5.971099113469887,2.499148854023415e-05
240,6.545173896747538,0.32985357627750883,5.971087561247037,3.1241906330123664e-05
241,6.461605636694943,0.231420755657086,5.971088883704202,4.120642274281461e-05
242,6.396077794652032,0.19348421478430144,5.971098479245837,4.318237215280743e-05
243,6.417242226327038,0.28937382081093244,5.971106485968251,4.7705000846885216e-05
244,6.120588415593984,1.4237167233348926,5.971077447995133,2.741415508946108e-05
245,6.437754080139548,0.2220228842498002,5.971071424253347,1.5204486660372203e-05
246,6.21331148553632,1.4449004813797217,5.9710712455356765,1.3899806443805071e-05
247,6.485801323826972,0.1799559857052434,5.971075713959491,1.5480749033231654e-05
248,6.4782654978253476,0.31576587517193916,5.971076721302493,1.841234251513385e-05
249,6.459210021505356,0.2658615954825103,5.971069190510992,2.5573566130341395e-05
250,6.216891376240672,1.459162023788803,5.9710637755120874,3.281077908049134e-05
251,6.397500339362561,0.1330333148146409,5.971062485505216,3.6673431230665054e-05
252,6.184525814614936,1.4434213785615715,5.971060738495966,3.0424246529028734e-05
253,6.12008494002107,1.4125899058988447,5.971081860381824,3.107412449096797e-05
254,6.141142868095244,1.4281834312359287,5.9710848702393235,3.4021318328631905e-05
255,6.430641742889361,0.22176791209738145,5.97107944926381,2.268899969526054e-05
256,6.471992490141557,0.22806513191099956,5.971076439076059,1.9391983355411627e-05
257,6.60690120490271,0.3330382102820281,5.97107854764018,1.662444804885249e-05
258,6.5542935202755475,0.3857741702021334,5.971073702255421,1.7253386085511085e-05
259,6.594398320765879,0.22631267837000268,5.971078532994369,2.3614102514880433e-05
260,5.80400219119946,1.9469495828869703,5.971084347378445,2.2257405168118352e-05
261,6.177781333414887,1.4371606866377957,5.9710798728877075,2.5587809302345013e-05
262,6.178853571892559,1.4353441727587224,5.971084350414847,2.1973717720729722e-05
263,6.605323328626248,0.39721039051651463,5.971085830356173,2.147785043187939e-05
264,6.244095893506864,1.457427110549939,5.971097959696817,2.377665748016349e-05
265,6.543408882409066,0.23554846117103242,5.971092607637255,2.2139507417168737e-05
266,6.54709980780361,0.3480621051204589,5.971093998944192,2.0522349406449474e-05
267,6.495937655553521,0.3118190084853503,5.9710891533185295,2.4231573874154732e-05
268,6.205752584560932,1.4340674394490636,5.971079038964998,1.7343978608240887e-05
269,6.371555528413176,0.2445812723111801,5.971088222997496,2.5668748411051837e-05
270,6.104990493918356,1.423920231912335,5.971085018394674,2.4707312858709275e-05
271,6.62652854308949,0.2903726260757307,5.971074607551732,1.990071319470009e-05
272,6.519321349564811,0.20251932343613946,5.9710710119405785,2.720836114873865e-05
273,6.4938322155168064,0.30977517231726864,5.971096818399117,3.975460705682176e-05
274,6.496977547149666,0.25744844212069956,5.971093589705668,4.069963977194611e-05
275,6.380174417487086,0.25124747912392,5.971110109030171,4.199997018874783e-05
276,6.521837391277546,0.3040818454190858,5.9711196237311395,3.92722197385026e-05
277,5.738231778137168,1.9260181666980114,5.971125898956599,3.000378266371465e-05
278,6.483163728812239,0.20529566355575962,5.971115062795327,3.333583019521468e-05
279,6.521522229470397,0.28990631894950436,5.971104031411014,3.585487344462158e-05
280,6.383233627123541,0.1718477769106057,5.97109186239193,2.6916116779758448e-05
281,6.211948779347851,1.4623364677001496,5.971089062210843,2.4323266521805694e-05
282,6.507367381405588,0.22407925898321185,5.971087652315015,2.45473369628535e-05
283,6.478566268268582,0.19842719049963098,5.971075990601203,2.8904759675649125e-05
284,6.654690162031784,0.24188317554375655,5.971080787286947,2.5546442074556827e-05
285,6.490480318230787,0.250738445349441,5.9710837681596916,2.0319768048450004e-05
286,6.502798056057823,0.18913274594106647,5.971080942317708,1.8444503614765472e-05
287,6.19608661355741,1.4340132776294234,5.971072782094974,1.585744065551848e-05
288,6.065990191425147,1.4076473862223982,5.971071617433927,1.4076032373648056e-05
289,6.551519492351855,0.2358727418421896,5.971077861351628,1.3172604046345619e-05
290,6.42711490233997,0.19261359749548596,5.97107901730808,1.7977291786487002e-05
291,6.154896046841507,1.4304756244432393,5.9710735531649295,2.6061705009631027e-05
292,6.2060863839930684,1.4515823190496626,5.971083309751604,2.6896656557571824e-05
293,6.519482317649396,0.1819266212523337,5.97108665534107,2.4494853160275845e-05
294,6.03886589123657,1.4005495180562089,5.97108630558975,2.9978115204869604e-05
295,6.375820343105847,0.218310661143542,5.971089076900397,2.7696748189347446e-05
296,6.18559597112091,1.4505848597055515,5.971100263079135,2.2789482679197174e-05
297,6.169024564498073,1.4418604681359077,5.971086450319673,2.3888222259214904e-05
298,6.507354489179784,0.21592986396162583,5.971082115578523,2.2038008361420366e-05
299,6.216727320660455,1.4546718887739698,5.97107630447791,2.9836822910066458e-05
300,5.932177764251498,1.996826879167324,5.97107996807418,2.910913303013871e-05
301,6.584463185308152,0.32090791286456277,5.971077496211239,2.9863167097108325e-05
302,6.5768595604381535,0.27874707146546057,5.971081803686216,3.117515487812236e-05
303,6.3883222424659,0.14490035828502487,5.971072271808842,3.103897576620617e-05
304,6.442706238729646,0.19973422486288836,5.971085529370876,3.296548566086129e-05
305,6.185524012437003,1.4423432745107299,5.971089020092114,3.3851066151506756e-05
306,6.138517623996309,1.4219127314967295,5.971070025034147,3.2601172453643944e-05
307,5.749986668434605,1.9306280508860332,5.971058455455699,3.159057332855884e-05
308,6.574706624599382,0.26283912382570057,5.971065757526039,2.8634332910973627e-05
309,6.511806887533673,0.26898962088993517,5.971043212304594,2.5265715220055604e-05
310,6.560662285563794,0.35588548601083364,5.971061303186535,3.257040165733813e-05
311,6.54866899942526,0.20584805120529887,5.971070497064323,3.740719164637907e-05
312,6.461284050803343,0.1829069560509164,5.9710963017002765,3.744675385897631e-05
313,6.526560475189572,0.26273303591945046,5.971105245446755,3.360573661155221e-05
314,6.17428054697601,1.4296695240965376,5.971104493726454,3.0558344694346885e-05
315,6.5985852882662375,0.3803825318557607,5.971091010671396,4.024152281631728e-05
316,6.518294797380259,0.25807939771326827,5.971109322676975,4.314273026867565e-05
317,6.503849966998203,0.23069129442078656,5.97110719276957,3.3516710377953166e-05
318,6.106299311073335,1.4121696563723414,5.971101459917968,3.822256636441583e-05
319,6.512819869903081,0.23818961824294604,5.971107627157572,3.641151065563809e-05
320,6.492051207168435,0.3137146331493424,5.9710950629932595,3.5718233317213686e-05
321,6.237919259161563,1.4599108699953443,5.971106908400483,1.5973254064522727e-05
322,6.568741444880854,0.24115917571141995,5.9711146423283665,1.9653397470060313e-05
323,6.472310825286435,0.2741332670588196,5.97112406647143,2.8213004197233245e-05
324,6.412564648657542,0.2547104358240035,5.971109289446277,2.814079370862774e-05
325,6.486782984018349,0.24397007628551334,5.9710909952443005,2.1293908352885752e-05
326,5.8265662863601,1.9503318880365137,5.971083062130338,1.8017948734347232e-05
327,6.1773865298617245,1.4526645865404602,5.971083410418686,2.736593695716069e-05
328,6.450228064366532,0.3344618272668253,5.971082167959297,3.26226059825014e-05
329,6.525970025912332,0.24317684292644617,5.9710711127863645,3.74070249117876e-05
330,6.196853752740291,1.457554911936345,5.971069788335776,3.896474123653286e-05
331,6.4518778649349,0.30152120151926315,5.971064974303742,2.9606662654165224e-05
332,6.5590045718363665,0.2863266958821429,5.971055999220857,1.9510904231816276e-05
333,6.575971695370887,0.3599222280489494,5.971066171246696,1.6338771052972218e-05
334,6.419496187778327,0.20868517559916058,5.971058852684362,2.4655344809289682e-05
335,6.590762210496356,0.2211277071756571,5.971063724352444,2.870233374611132e-05
336,6.486076448748287,0.1646802052621753,5.971068205931142,2.3008463807001164e-05
337,6.436054500900708,0.2781130224144613,5.971057247366852,2.6927597870289092e-05
338,6.495472482080515,0.3083277164668157,5.971048513509207,1.7349691390721763e-05
339,6.52991968516387,0.3209217194669522,5.971050991734948,1.7981725573826857e-05
340,6.510890321212642,0.302991273030097,5.971049949729072,1.971235558455455e-05
341,6.173102641072591,1.4405004361846327,5.971048075889234,2.0535401897063134e-05
342,6.476090362129,0.22671033667950086,5.971044753423073,2.0619543260671546e-05
343,6.49834411925641,0.3311746885128235,5.971032798311956,2.1672203986104675e-05
344,6.5845096600664945,0.35293058254955656,5.97101837575145,2.4664511663382734e-05
345,6.198587060757747,1.4528434132232972,5.9710091085067845,1.785575723490681e-05
346,6.517027917305057,0.24702637476928252,5.971004562925212,1.6619223385120973e-05
347,6.2968780605178205,1.471795750244292,5.971012614443422,1.5432416535309758e-05
348,6.538260088604664,0.32514133671364137,5.971018103608335,1.581357961627427e-05
349,6.188740140049619,1.4500078021868175,5.971012438093437,2.232635113680706e-05
350,6.540400406712871,0.21697868595629288,5.971011798523572,2.524773777439079e-05
351,5.803268243050527,1.9443398902413247,5.971022630746641,1.9919055290176937e-05
352,5.8879646316806795,1.9705151174377056,5.971031734603719,1.66014877145894e-05
353,6.548491460129327,0.40249427134559534,5.9710237882923165,2.2562332559146916e-05
354,6.217241672125544,1.4661681353132179,5.971031744481334,2.1840310033377685e-05
355,6.285991256479065,1.4685376683984548,5.971034110785918,1.8131496108864184e-05
356,6.5262386748907915,0.24018369887522167,5.97103178191255,2.058631344295063e-05
357,6.462308700715695,0.2123792248067688,5.971030252095495,1.298628642657344e-05
358,6.502843081257746,0.16962518372975155,5.971032441137288,1.783891784556047e-05
359,6.559327059082186,0.26874392815433557,5.971046489427541,1.7476774114949744e-05
360,6.481915224086764,0.20608597795393366,5.9710392102206225,1.4866091933772284e-05
361,6.134931018198536,1.4268445609485783,5.971039687599064,1.2646916512168715e-05
362,6.563050438494328,0.26948701017607357,5.971040737405657,1.654280279108645e-05
363,6.18398922796783,1.44719132344155,5.971035000150282,2.184330512809105e-05
364,6.138112319043112,1.4212775916636204,5.971040996668317,2.110319879302479e-05
365,6.564566416402866,0.23700843516047562,5.971035602166278,2.5077630231331736e-05
366,6.151401139301597,1.4325505934672964,5.971032008881495,3.339051152290741e-05
367,6.539816251263467,0.18344861222106354,5.9710174366204285,2.987450699406779e-05
368,6.475833061028155,0.2521911993912437,5.971008357757643,3.2168654603837255e-05
369,5.52303419458828,2.3420244804102817,5.971000966182832,2.6407298362109656e-05
370,6.466929421220923,0.1968622697546258,5.970990848397029,2.1421836143651662e-05
371,5.858576570089696,1.9633990255088487,5.970997515392858,1.9235469479204297e-05
372,6.574090783669038,0.2920561447437553,5.970995371609324,1.8021288156571388e-05
373,6.171210618423397,1.4386723038560474,5.970991042662993,2.161786016951417e-05
374,6.159656051385015,1.4342890035507767,5.9710038076912895,2.0344692356593613e-05
375,6.495501119247985,0.3050496735085345,5.971008934950378,1.784385228666487e-05
376,6.346678655699655,0.1760070964312752,5.971010691084787,2.3212272658736793e-05
377,6.113962620799149,1.416938020470816,5.971013903555685,2.6331337272943944e-05
378,6.53193075108093,0.29685710863303233,5.97100774012872,2.7389984143308285e-05
379,6.46598053235604,0.3338359269614709,5.971004019652687,2.313199346165899e-05
380,6.5644527189666375,0.2709507583249219,5.971004759975336,1.8292262819030154e-05
381,6.123079194800793,1.4202650202449978,5.971000817428971,1.5330869976012038e-05
382,5.5558227705334975,2.354226224816623,5.970999593714012,1.651468659311442e-05
383,6.547073172709685,0.2127718606524967,5.970999716141781,1.070061628515875e-05
384,6.388979905866489,0.21322774317964877,5.971004936127442,1.797964341702642e-05
385,6.560201188364523,0.33127083320728445,5.971006389152985,1.73372429450031e-05
386,6.1439171010362,1.4349592447212818,5.971007951321733,2.327039578546027e-05
387,6.234089882991713,1.4651006770776107,5.971001207775877,2.8658349748128773e-05
388,6.497414593575033,0.18050154722993453,5.970995659026085,2.5758464566888532e-05
389,6.092306754669119,1.4162042643643065,5.971007521429061,2.8217355123277818e-05
390,6.5177752167517635,0.3502449222679733,5.971004675424391,2.6090007991083234e-05
391,6.154090397293286,1.4448952522194243,5.970997854567965,1.0646945075067342e-05
392,5.751891445014069,1.925281510434156,5.971006076741519,1.7166103179026247e-05
393,6.555143925050766,0.27742381528302495,5.971008249217282,1.3966522886837374e-05
394,6.5024428129056675,0.23472266112577075,5.970998797799185,1.1993639070547167e-05
395,6.550631733735992,0.3512049149842304,5.971003400572485,1.7643318669069147e-05
396,6.095181410341005,1.4111178589211861,5.970994722140549,1.444032248375646e-05
397,6.419708209968983,0.25442524581191495,5.970987917440702,1.5200574193231858e-05
398,6.557686084545959,0.25209942527785884,5.9709872697859145,2.1412358728572906e-05
399,6.235684964900675,1.5078198935907356,5.9709813539089955,2.113058314611288e-05
400,5.525628407812925,2.341516691770225,5.970978669243394,1.9547454795236e-05
401,6.154404444603352,1.4159509560148233,5.970970304123782,2.0991071489500456e-05
402,6.4972807070519,0.2471567111366418,5.970959162129541,2.568980301153521e-05
403,6.607326276772694,0.24911544902133623,5.970965118436584,2.8437730015746254e-05
404,6.183005147786044,1.4541911730366746,5.970970288012188,2.7191985321272592e-05
405,6.245855408480614,1.5012519224650989,5.970965926424097,2.6234355405685635e-05
406,6.493995208137482,0.24118934315646898,5.970977337226325,1.816572055750644e-05
407,6.474286011351131,0.2573292790015204,5.970976098697845,1.3154043415875551e-05
408,6.125483021250422,1.4246122727982375,5.970974799889065,1.6683237530762318e-05
409,6.2004063553045174,1.4484243042270408,5.970978104260176,2.421529996142406e-05
410,6.239085024288764,1.4594180954387797,5.97097415853141,3.364584165973496e-05
411,6.429977334735002,0.32626260509699184,5.970969003798176,2.1574229289571562e-05
412,6.1100230004475184,1.41001971979668,5.970970848220228,2.456433104654538e-05
413,6.602328162688397,0.3453851461643749,5.970977741266266,2.7450432570972775e-05
414,6.506964787766163,0.30312956386257045,5.970973021948142,2.3777372426841363e-05
415,6.545977552111829,0.2114986835484169,5.970957805199587,2.2865440746485033e-05
416,6.430501572100558,0.18476302860848864,5.970961789103291,2.717136378357735e-05
417,6.51680314014732,0.3331605561021672,5.970964891014013,2.3962331363041446e-05
418,6.105826088635225,1.41459923650629,5.970960592556507,3.308376963857037e-05
419,6.118997263913154,1.4158143154245924,5.970951929185846,2.7372364827888624e-05
420,6.111970911912259,1.4332854616266197,5.970943977334942,2.039506285365183e-05
421,6.517878684572191,0.2717994104851483,5.970939137043496,2.289913485272836e-05
422,6.4476814963151226,0.26156839138819776,5.9709374550477445,1.3822768374353069e-05
423,6.224320772124722,1.4702850613934175,5.970936067475388,1.1332083678218083e-05
424,6.425856468688158,0.2129004645064468,5.970942195740597,1.401039853310448e-05
425,6.250246465867631,1.4711350894466126,5.970942726539208,1.5349513779814383e-05
426,6.138873796034208,1.431465256162918,5.970936932106983,1.4551064421515169e-05
427,6.510659047762452,0.2751375537864096,5.970951130027963,1.5200719268678595e-05
428,6.083361914535221,1.4014016331177563,5.970961552706994,1.4708622623831882e-05
429,6.500896886978955,0.21774959615987122,5.970965740621805,1.0529339905054829e-05
430,6.154402715809444,1.4265924178003553,5.970963738780183,1.0608759383219012e-05
431,6.264517324907454,1.4760939323662736,5.970962142237272,1.3301609583074477e-05
432,6.475987820286785,0.250520224348447,5.970960954614064,1.2590137902162613e-05
433,6.426949932642694,0.22725733690141406,5.970959216156631,1.8632233026407395e-05
434,6.17951136308502,1.4475277452415847,5.970960759712726,2.69134588890592e-05
435,6.437428876271696,0.27742639202629815,5.97096372779225,2.6835360199531107e-05
436,6.539865053081999,0.2775811165234588,5.970962730234157,2.836603072229926e-05
437,6.560673281150263,0.21657429551766338,5.9709660946623755,1.7873964433178734e-05
438,6.456303749275186,0.2370322596045681,5.970966048482502,2.066456196243286e-05
439,6.195181095935942,1.4393627973575154,5.970960525441478,2.6461599376701022e-05
440,6.200764516689179,1.4387955064208493,5.970953515830099,3.262616411604639e-05
441,6.459176552067527,0.26155757107136857,5.97095863305527,2.9344981840091823e-05
442,6.1326434960653815,1.4357075696767128,5.970953831367675,2.941059280440287e-05
443,6.31950421133101,1.482092532256958,5.970935130427739,3.658119347836012e-05
444,6.212586434333299,1.4591953605807333,5.97094186133981,4.454259755583275e-05
445,6.511081946038656,0.27683011673510094,5.970933295509984,4.2602605252653894e-05
446,5.139086612534548,2.580710600551443,5.970927248688014,3.788666090929187e-05
447,6.127880311649297,1.430209939503101,5.97092767686427,3.592609842889619e-05
448,6.430058158981202,0.24111715178954932,5.9709300570028825,2.395116903575985e-05
449,6.541391465504121,0.2626439509946696,5.9709338376559185,2.908113958101367e-05
450,6.559918718424184,0.22609993896855823,5.970937821513824,1.9715403823158943e-05
451,6.286447312820416,1.4728437114762425,5.970932926508622,1.4896433890484057e-05
452,6.5250725054167775,0.35275704085195314,5.970937708627065,1.4450935838964211e-05
453,6.087128216215611,1.4109649474084254,5.970941914337681,2.111638462831273e-05
454,6.501157479964322,0.2660962004280532,5.970940112260492,2.7690838948637812e-05
455,6.179164001283546,1.4444080427866655,5.970941279887019,3.066024722774512e-05
456,5.186583826601472,2.599453871983824,5.970955558019149,2.9451758316002266e-05
457,6.21594605058171,1.443144594056048,5.97095494000484,2.652765460841862e-05
458,6.556125901964272,0.2880287869027426,5.970946936384203,1.6066049910845956e-05
459,6.463374300789061,0.2561967150848579,5.970946859606676,1.2385608008947698e-05
460,5.8637483510452055,1.9670789637897237,5.970953740782411,1.870774982849082e-05
461,6.2838400114445765,1.4792892100523525,5.970959378311791,2.4182628400581807e-05
462,6.1267685356541195,1.4291331438074537,5.970958097449557,2.799084329164829e-05
463,6.544892324624241,0.37432348627416673,5.970965024110791,1.872827256775561e-05
464,6.503061102131443,0.20762469098955388,5.970967910314462,2.118048892405592e-05
465,6.494661844091356,0.30195691066906993,5.970976901515357,1.815997265045133e-05
466,6.2508936882586275,1.4533288874496333,5.970979824345854,1.7311090969992953e-05
467,6.485228674542237,0.28990224196740855,5.97097732526706,1.3604278290398186e-05
468,6.2245877219041565,1.4840015870506242,5.970974812352654,1.3102640627071723e-05
469,6.524736037345738,0.2568838876178293,5.970971141419296,1.8477071138544948e-05
470,6.379803055390143,0.17025200308529362,5.9709626421931805,1.6389068525867687e-05
471,6.519062889329119,0.23783067824811735,5.970965078546265,1.6730100783314607e-05
472,6.6070311435274025,0.27970186758381754,5.970967898295674,2.7197809076981356e-05
473,6.183567546312533,1.4313801225193896,5.970965713906358,2.7171720413732942e-05
474,5.941233636450024,1.9944055412342303,5.970957443159258,3.333423046268469e-05
475,6.17575785747458,1.4512742227064537,5.970962592730113,3.231363252012363e-05
476,6.45993751603596,0.220679871231239,5.970956406812436,3.05655314235043e-05
477,6.101813160583261,1.4164653991271492,5.97094470220636,3.6986308509719956e-05
478,6.535717440065136,0.26236525957419665,5.9709453453520975,5.2901265348220813e-05
479,5.548139454949564,2.3378049079420014,5.970924460926283,4.0358478788481154e-05
480,6.519720182514474,0.3195849271628208,5.9709249248666225,1.9269211315670238e-05
481,6.527831062196833,0.28459985074502,5.970923968415549,1.36453631497502e-05
482,5.844106043834768,1.96529441396631,5.970927419938375,1.9756879026441326e-05
483,6.591663810480957,0.2246109278779437,5.970936883715094,1.8977608514606835e-05
484,6.173820930111635,1.4444277266633998,5.970939953549631,1.4544589201597336e-05
485,6.443252594276567,0.2121634192831999,5.97093953843156,1.4610303694543018e-05
486,6.491572783311052,0.236158414883936,5.9709418427238985,1.1186623285755084e-05
487,6.251854811937596,1.4886882167093505,5.9709433307594315,1.711876775115777e-05
488,5.867750839996214,1.9741906985557234,5.970948688774828,1.8475363271106747e-05
489,6.6133685639362225,0.33481907323147275,5.970940236675128,2.1690475364408346e-05
490,6.145551956841512,1.4245975463948979,5.970935028204886,2.198776873776305e-05
491,6.60204705721384,0.34598441545469616,5.970937500171832,2.7307426042628485e-05
492,6.09608355206728,1.4158599254418578,5.970926054158898,1.8743627029140026e-05
493,6.144403848880422,1.4300291801928469,5.970938573771915,1.9668539134065583e-05
494,6.116506725810298,1.418791324060089,5.970937822393535,1.6697874935116195e-05
495,6.475205801696094,0.2031317195514691,5.970935903187766,2.015219600933512e-05
496,6.497245280092121,0.24612325452312325,5.970939611823569,1.7142636647862e-05
497,6.548913659077091,0.2232758027839026,5.970946400022688,2.0990549962870794e-05
498,6.180042125896573,1.42993725237439,5.970954579806052,1.775617817662263e-05
499,6.108837254223593,1.4152923044558796,5.970958530922508,2.2264926934913336e-05
